16
1.000000 1.000000 -1.000000
1.000000 -1.000000 -1.000000
1.000000 1.000000 1.000000
1.000000 -1.000000 1.000000
-1.000000 1.000000 -1.000000
-1.000000 -1.000000 -1.000000
-1.000000 1.000000 1.000000
-1.000000 -1.000000 1.000000
1.000000 1.000000 -1.000000
1.000000 -1.000000 -1.000000
1.000000 1.000000 1.000000
1.000000 -1.000000 1.000000
-1.000000 1.000000 -1.000000
-1.000000 -1.000000 -1.000000
-1.000000 1.000000 1.000000
-1.000000 -1.000000 1.000000
28
0.875000 0.500000
0.625000 0.750000
0.625000 0.500000
0.375000 1.000000
0.375000 0.750000
0.625000 0.000000
0.375000 0.250000
0.375000 0.000000
0.375000 0.500000
0.125000 0.750000
0.125000 0.500000
0.625000 0.250000
0.875000 0.750000
0.625000 1.000000
0.875000 0.500000
0.625000 0.750000
0.625000 0.500000
0.375000 1.000000
0.375000 0.750000
0.625000 0.000000
0.375000 0.250000
0.375000 0.000000
0.375000 0.500000
0.125000 0.750000
0.125000 0.500000
0.625000 0.250000
0.875000 0.750000
0.625000 1.000000
6
0.0000 1.0000 0.0000
0.0000 0.0000 1.0000
-1.0000 0.0000 0.0000
0.0000 -1.0000 0.0000
1.0000 0.0000 0.0000
0.0000 0.0000 -1.0000
72
5 1 1
3 2 1
1 3 1
3 2 2
8 4 2
4 5 2
7 6 3
6 7 3
8 8 3
2 9 4
8 10 4
6 11 4
1 3 5
4 5 5
2 9 5
5 12 6
2 9 6
6 7 6
5 1 1
7 13 1
3 2 1
3 2 2
7 14 2
8 4 2
7 6 3
5 12 3
6 7 3
2 9 4
4 5 4
8 10 4
1 3 5
3 2 5
4 5 5
5 12 6
1 3 6
2 9 6
13 15 1
11 16 1
9 17 1
11 16 2
16 18 2
12 19 2
15 20 3
14 21 3
16 22 3
10 23 4
16 24 4
14 25 4
9 17 5
12 19 5
10 23 5
13 26 6
10 23 6
14 21 6
13 15 1
15 27 1
11 16 1
11 16 2
15 28 2
16 18 2
15 20 3
13 26 3
14 21 3
10 23 4
12 19 4
16 24 4
9 17 5
11 16 5
12 19 5
13 26 6
9 17 6
10 23 6
